CNg

array([0.02065972, 0.146875  , 0.27447917, 0.40850694, 0.55104167,
       0.69305556, 0.83055556, 0.97569444])

array([0.40277778, 0.42325192, 0.44372605, 0.46420019, 0.48467433,
        0.50514847, 0.52562261, 0.54609674, 0.56657088, 0.58704502,
        0.60751916, 0.6279933 , 0.64846743, 0.66894157, 0.68941571,
        0.70988985, 0.73036398, 0.75083812, 0.77131226, 0.7917864 ,
        0.81226054, 0.83273467, 0.85320881, 0.87368295, 0.89415709,
        0.91463123, 0.93510536, 0.9555795 , 0.97605364, 0.99652778]),
 array([0.60939975, 0.6430311 , 0.68030166, 0.71605291, 0.74954206,
        0.78386951, 0.82265926, 0.86420197, 0.90560762, 0.94710472,
        0.99034702, 1.03572537, 1.08158115, 1.13149251, 1.18725813,
        1.24402393, 1.30378585, 1.37360811, 1.4490453 , 1.52886395,
        1.62408239, 1.72790326, 1.84730852, 1.9839599 , 2.13556121,
        2.32694809, 2.58694631, 2.97683659, 4.4067087 , 6.85058006])


CNf
array([0.01857639, 0.15225694, 0.27743056, 0.41145833, 0.5515625 ,
       0.69965278, 0.83385417, 0.93402778])


array([0.43402778, 0.44929358, 0.46455939, 0.47982519, 0.495091  ,
        0.5103568 , 0.52562261, 0.54088841, 0.55615421, 0.57142002,
        0.58668582, 0.60195163, 0.61721743, 0.63248324, 0.64774904,
        0.66301485, 0.67828065, 0.69354646, 0.70881226, 0.72407807,
        0.73934387, 0.75460967, 0.76987548, 0.78514128, 0.80040709,
        0.81567289, 0.8309387 , 0.8462045 , 0.86147031, 0.87673611]),
 array([0.66561504, 0.69378618, 0.72058716, 0.74500058, 0.76921791,
        0.7950296 , 0.82316271, 0.85147238, 0.88286417, 0.91553398,
        0.94706498, 0.97905801, 1.01168284, 1.04651517, 1.08170707,
        1.1172823 , 1.15612408, 1.19871086, 1.24044394, 1.28202559,
        1.33282546, 1.38835972, 1.44556951, 1.50742967, 1.57567738,
        1.64875288, 1.71948152, 1.80266291, 1.89053205, 1.99921316])

G-only

array([0.01770833, 0.13975694, 0.26649306, 0.40069444, 0.54618056,
       0.69791667, 0.83055556, 0.97690972])

array([0.39409722, 0.41493056, 0.43576389, 0.45659722, 0.47743056,
        0.49826389, 0.51909722, 0.53993056, 0.56076389, 0.58159722,
        0.60243056, 0.62326389, 0.64409722, 0.66493056, 0.68576389,
        0.70659722, 0.72743056, 0.74826389, 0.76909722, 0.78993056,
        0.81076389, 0.83159722, 0.85243056, 0.87326389, 0.89409722,
        0.91493056, 0.93576389, 0.95659722, 0.97743056, 0.99826389]),
 array([0.60838485, 0.64033552, 0.67605094, 0.70967745, 0.74430082,
        0.78022616, 0.81791937, 0.85767119, 0.89733507, 0.93466369,
        0.9734103 , 1.01687392, 1.06196821, 1.10328691, 1.15630387,
        1.21034704, 1.26881306, 1.34187836, 1.42096333, 1.50045449,
        1.58470099, 1.67980018, 1.79196015, 1.91589524, 2.06170789,
        2.23769272, 2.48292783, 2.90813033, 4.18089421, 5.83413864])

DP
array([0.0390625 , 0.29600694, 0.51180556, 0.70208333, 0.82552083,
       0.90190972, 0.95868056, 0.99392361])

array([0.07638889, 0.10817768, 0.13996648, 0.17175527, 0.20354406,
        0.23533285, 0.26712165, 0.29891044, 0.33069923, 0.36248803,
        0.39427682, 0.42606561, 0.45785441, 0.4896432 , 0.52143199,
        0.55322079, 0.58500958, 0.61679837, 0.64858716, 0.68037596,
        0.71216475, 0.74395354, 0.77574234, 0.80753113, 0.83931992,
        0.87110872, 0.90289751, 0.9346863 , 0.9664751 , 0.99826389]),
 array([0.1085126 , 0.15653459, 0.20684323, 0.25722438, 0.30797053,
        0.36012397, 0.4095181 , 0.46399147, 0.52039857, 0.58227248,
        0.64107571, 0.70201105, 0.76693187, 0.82943407, 0.8937166 ,
        0.96113958, 1.03411042, 1.10475542, 1.17820265, 1.26530572,
        1.35623444, 1.45324622, 1.58425693, 1.73139953, 1.90136828,
        2.1207094 , 2.44287429, 2.83120144, 3.51021496, 7.32082607])

DP-CR
array([0.02395833, 0.17256944, 0.29947917, 0.42291667, 0.54513889,
       0.67690972, 0.83472222, 0.97795139])

array([0.05034722, 0.08291427, 0.11548132, 0.14804837, 0.18061542,
        0.21318247, 0.24574952, 0.27831657, 0.31088362, 0.34345067,
        0.37601772, 0.40858477, 0.44115182, 0.47371887, 0.50628592,
        0.53885297, 0.57142002, 0.60398707, 0.63655412, 0.66912117,
        0.70168822, 0.73425527, 0.76682232, 0.79938937, 0.83195642,
        0.86452347, 0.89709052, 0.92965757, 0.96222462, 0.99479167]),
 array([0.07533599, 0.11962961, 0.16381977, 0.2112188 , 0.25640551,
        0.30239545, 0.35603192, 0.41865687, 0.47533415, 0.53232292,
        0.59233653, 0.65350057, 0.72117431, 0.78960702, 0.85750493,
        0.92601898, 0.99664851, 1.07609275, 1.16131318, 1.24761295,
        1.33744381, 1.4495613 , 1.5777437 , 1.72224008, 1.90507741,
        2.14128695, 2.40717943, 2.80119105, 3.45447782, 6.12902947]))


EN
array([0.01805556, 0.13489583, 0.25538194, 0.36666667, 0.48472222,
       0.60329861, 0.72083333, 0.8921875 ])

array([0.36805556, 0.38775144, 0.40744732, 0.4271432 , 0.44683908,
        0.46653496, 0.48623084, 0.50592672, 0.52562261, 0.54531849,
        0.56501437, 0.58471025, 0.60440613, 0.62410201, 0.64379789,
        0.66349377, 0.68318966, 0.70288554, 0.72258142, 0.7422773 ,
        0.76197318, 0.78166906, 0.80136494, 0.82106082, 0.8407567 ,
        0.86045259, 0.88014847, 0.89984435, 0.91954023, 0.93923611])

 array([0.62290628, 0.65732294, 0.6945385 , 0.73041889, 0.77297948,
        0.81851763, 0.86004311, 0.90563247, 0.95301255, 1.00040122,
        1.04825008, 1.10053236, 1.16058962, 1.21620155, 1.27424364,
        1.3313501 , 1.39619538, 1.46782013, 1.54559397, 1.62147358,
        1.7014877 , 1.7942306 , 1.8966086 , 2.00859666, 2.13450663,
        2.28528002, 2.49500222, 2.75923989, 3.0396541 , 3.32006831]))


CQR
array([0.01944444, 0.17881944, 0.30920139, 0.44357639, 0.58611111,
       0.71857639, 0.8578125 , 0.97934028])

array([0.47569444, 0.49365421, 0.51161398, 0.52957375, 0.54753352,
        0.5654933 , 0.58345307, 0.60141284, 0.61937261, 0.63733238,
        0.65529215, 0.67325192, 0.69121169, 0.70917146, 0.72713123,
        0.745091  , 0.76305077, 0.78101054, 0.79897031, 0.81693008,
        0.83488985, 0.85284962, 0.87080939, 0.88876916, 0.90672893,
        0.9246887 , 0.94264847, 0.96060824, 0.97856801, 0.99652778])

array([0.7663089 , 0.80671043, 0.84354873, 0.88121961, 0.92366061,
        0.95863187, 0.99624316, 1.03684381, 1.08208539, 1.12840383,
        1.17814299, 1.24186084, 1.29734114, 1.34339975, 1.39325558,
        1.45052825, 1.51537782, 1.58013621, 1.65506492, 1.74165751,
        1.82413579, 1.91978975, 2.04278812, 2.18154876, 2.36503376,
        2.57811023, 2.85694916, 3.45459446, 4.80021531, 6.84964453])



CDP:

array([0.02013889, 0.14861111, 0.28767361, 0.42777778, 0.56649306,
       0.69409722, 0.81354167, 0.94340278])


array([0.421875  , 0.44073276, 0.45959052, 0.47844828, 0.49730603,
        0.51616379, 0.53502155, 0.55387931, 0.57273707, 0.59159483,
        0.61045259, 0.62931034, 0.6481681 , 0.66702586, 0.68588362,
        0.70474138, 0.72359914, 0.7424569 , 0.76131466, 0.78017241,
        0.79903017, 0.81788793, 0.83674569, 0.85560345, 0.87446121,
        0.89331897, 0.91217672, 0.93103448, 0.94989224, 0.96875  ])

 array([0.68478387, 0.71845276, 0.75387692, 0.79035388, 0.82787624,
        0.86291699, 0.90084216, 0.93993955, 0.98049995, 1.02433836,
        1.0646931 , 1.11160013, 1.15940247, 1.20785929, 1.26392044,
        1.31886377, 1.37656729, 1.43630412, 1.50645219, 1.57395785,
        1.65142881, 1.74427632, 1.8435704 , 1.95561838, 2.075222  ,
        2.21416641, 2.39170841, 2.68926526, 3.13851923, 3.66241897])



GPR
array([0.02100694, 0.16788194, 0.3359375 , 0.49045139, 0.63541667,
       0.75538194, 0.86319444, 0.96041667])


array([0.48263889, 0.4998204 , 0.51700192, 0.53418343, 0.55136494,
        0.56854646, 0.58572797, 0.60290948, 0.620091  , 0.63727251,
        0.65445402, 0.67163554, 0.68881705, 0.70599856, 0.72318008,
        0.74036159, 0.7575431 , 0.77472462, 0.79190613, 0.80908764,
        0.82626916, 0.84345067, 0.86063218, 0.8778137 , 0.89499521,
        0.91217672, 0.92935824, 0.94653975, 0.96372126, 0.98090278])

 array([0.78015467, 0.81484256, 0.84798871, 0.88264107, 0.91599424,
        0.94902806, 0.98583055, 1.02187989, 1.05755316, 1.09707068,
        1.14085558, 1.18430567, 1.23255246, 1.2808964 , 1.33756765,
        1.40020065, 1.46537896, 1.53766236, 1.61362206, 1.69395914,
        1.77463488, 1.85635768, 1.95348872, 2.09114935, 2.29372254,
        2.48712272, 2.72152613, 3.04933276, 3.54504142, 4.20886964])

PPGPR
array([0.01805556, 0.13246528, 0.25711806, 0.36614583, 0.47534722,
       0.59635417, 0.71770833, 0.88125 ])

array([0.375     , 0.39409722, 0.41319444, 0.43229167, 0.45138889,
        0.47048611, 0.48958333, 0.50868056, 0.52777778, 0.546875  ,
        0.56597222, 0.58506944, 0.60416667, 0.62326389, 0.64236111,
        0.66145833, 0.68055556, 0.69965278, 0.71875   , 0.73784722,
        0.75694444, 0.77604167, 0.79513889, 0.81423611, 0.83333333,
        0.85243056, 0.87152778, 0.890625  , 0.90972222, 0.92881944])

 array([0.61716146, 0.65590372, 0.69109441, 0.72958078, 0.77051467,
        0.81274073, 0.85230903, 0.88842775, 0.92946874, 0.97513844,
        1.02240315, 1.07349314, 1.12697637, 1.18289028, 1.23947411,
        1.295825  , 1.36286033, 1.42808724, 1.49253562, 1.56775393,
        1.65474483, 1.74642713, 1.84411625, 1.95136579, 2.07397789,
        2.22453759, 2.41647225, 2.64289751, 2.88095877, 3.12944279])

